width 20
height 20
start 1717
end 1610
end 1002
end 205
end 217
*
101
201
301
401
501
104
204
304
404
504
305
306
106
206
406
506
508
408
308
208
109
210
310
410
510
309
112
113
114
213
413
313
513
116
216
316
416
516
317
517
518
117
118
701
801
901
1001
1102
1003
903
1104
1005
805
905
705
707
807
907
1007
1107
708
709
809
908
1109
1009
711
811
911
1011
1111
713
714
715
814
914
1014
1114
1301
1401
1501
1601
1701
1303
1403
1603
1503
1703
1404
1505
1706
1606
1506
1406
1306
1310
1309
1308
1408
1508
1608
1708
1709
1710
1311
1711
1611
1511
1510
1313
1513
1413
1713
1415
1315
1515
1715
1317
1417
1517
