width 20
height 20
start 1717
end 208
end 805
end 1402
end 1613
end 218
*
101
102
103
202
302
109
509
506
505
502
501
402
104
204
304
404
504
106
206
306
406
108
107
207
307
308
409
309
508
507
110
111
112
211
311
411
511
513
514
515
414
314
214
113
114
115
116
216
316
416
516
519
419
319
119
219
117
118
1001
901
801
701
702
703
803
903
1003
1103
1101
902
704
804
904
1004
1104
705
706
806
906
1006
1106
709
708
707
807
907
1007
1107
1108
1109
1110
1010
910
909
710
711
811
911
1111
1011
1112
1113
912
712
713
714
814
914
1014
1114
1115
1116
1301
1401
1501
1601
1701
1502
1503
1303
1403
1603
1703
1304
1404
1504
1604
1704
1705
1706
1606
1506
1406
1306
1305
1310
1313
1408
1508
1609
1710
1711
1712
1713
1614
1515
1415
