width 15
height 15
start 1407
end 302
end 1103
end 608
end 1213
end 7
*
504
404
204
203
202
201
301
401
402
603
604
602
601
600
706
806
0
1
3
2
4
306
411
511
711
811
609
309
308
307
310
311
509
508
507
506
606
709
708
907
906
908
909
910
911
1212
1112
1113
1114
1214
1314
1414
1413
1412
1411
1210
1110
1310
1410
805
804
803
802
801
1001
901
1101
1201
1104
1004
1003
1202
1203
1204
1106
1107
1108
1308
1208
1307
1406
1405
1404
1403
1402
1401
1400
1306
106
6
107
109
110
108
111
112
113
314
313
413
513
712
713
813
913
304
