width 19
height 19
start 909
end 109
end 1209
end 901
*
202
302
402
602
502
702
902
802
1002
1202
1102
1302
1402
1602
1502
1603
1604
1605
1606
1607
1608
1610
1611
1613
1614
1612
1615
1616
1516
1416
1216
1316
1016
816
716
616
516
216
316
416
1116
214
215
213
212
211
209
208
210
207
206
205
204
203
505
506
507
508
510
512
511
513
613
713
813
1013
913
1113
1213
1312
1313
1311
1310
1309
1308
1307
1305
1306
1205
1105
1005
705
605
805
808
810
809
908
1008
1009
1010
812
1012
610
608
806
1006
1208
1210
404
1404
1414
414
817
1017
1001
801
518
1318
1300
500
1710
1812
1714
1816
110
108
6
12
114
104
2
16
217
201
1708
1806
1704
1802
1617
1601
