width 20
height 20
start 0
end 1010
end 1006
end 1318
end 1803
end 217
*
101
201
301
401
116
117
501
316
516
517
505
105
205
305
405
506
408
308
208
410
310
210
412
312
212
112
513
414
214
114
314
416
216
118
317
518
510
110
109
108
508
509
703
701
702
801
901
1001
1101
1102
1103
707
705
706
906
905
805
907
1007
1106
1105
1107
709
710
711
811
910
1009
1109
1110
1111
713
714
715
815
915
914
1015
1115
1113
1114
717
718
719
817
917
1117
1017
1118
1119
1019
919
819
1404
1303
1302
1401
1501
1602
1305
1306
1407
1507
1606
1703
1705
1804
1317
1316
1418
1518
1415
1314
1313
1412
1512
1613
1714
1815
1716
1617
