width 20
height 20
start 1406
end 1904
end 1719
end 116
end 3
*
503
702
802
902
1002
1102
1303
1316
1117
917
817
1707
1708
1709
1711
1710
1712
1606
1605
1504
1403
1202
603
404
305
306
207
208
209
210
211
212
1613
1614
1515
1416
717
314
313
414
413
613
713
812
911
1010
1009
1008
1006
1007
1607
1608
1506
1505
1405
1404
1304
1305
1205
1105
1106
1514
1415
1410
1411
1311
1211
1210
1310
506
606
307
407
408
409
709
708
707
706
507
607
510
710
410
610
711
712
512
611
612
511
513
412
312
311
308
309
310
411
811
810
909
910
809
808
908
907
906
807
806
805
1005
1203
1104
1204
1103
1003
1004
803
903
804
704
703
904
905
705
605
604
504
505
405
406
415
516
617
1017
1619
1618
1718
1818
1817
1816
1805
1905
1804
1803
1802
1702
1602
1601
1800
1900
1400
1401
1716
1814
1914
1913
217
216
115
15
16
17
19
18
119
219
319
419
418
1
104
203
2
4
0
201
202
400
501
302
