width 19
height 19
start 1717
end 1701
end 0905
end 0117
*
0003
0007
0011
0015
0203
0207
0211
0215
0300
0302
0303
0304
0305
0306
0307
0308
0309
0310
0311
0312
0314
0315
0316
0317
0318
0403
0407
0411
0415
0511
0603
0607
0611
0615
0700
0701
0702
0703
0704
0706
0707
0708
0709
0710
0711
0712
0713
0714
0715
0716
0718
0803
0807
0811
0815
0903
1003
1007
1011
1015
1100
1102
1103
1104
1106
1107
1108
1110
1111
1112
1114
1115
1116
1118
1203
1207
1211
1215
1311
1403
1407
1411
1415
1500
1502
1503
1504
1505
1506
1507
1508
1510
1511
1512
1514
1515
1516
1517
1518
1603
1607
1611
1615
1803
1807
1811
1815
0901
1709
0509
0513
0917
1113
1707

