width 19 
height 19 
start 0018
end 0901
end 0407
end 1811
end 1717
*
0102
0103
0104
0106
0107
0108
0110
0111
0112
0114
0115
0116
0202
0204
0206
0208
0211
0214
0216
0302
0304
0306
0307
0308
0311
0314
0315
0316
0402
0404
0406
0408
0411
0414
0416
0502
0503
0504
0506
0508
0511
0514
0516
0800
0801
0802
0804
0805
0806
0808
0809
0810
0812
0814
0816
0817
0818
0900
0905
0908
0910
0912
0914
0916
1000
1001
1002
1005
1008
1009
1010
1012
1014
1016
1102
1105
1108
1109
1112
1114
1116
1200
1201
1202
1205
1208
1210
1212
1213
1214
1216
1217
1218
1400
1401
1402
1404
1406
1408
1409
1410
1412
1413
1414
1416
1417
1418
1501
1504
1506
1508
1510
1512
1516
1601
1604
1606
1608
1609
1610
1612
1613
1614
1616
1617
1618
1701
1704
1706
1708
1709
1712
1718
1801
1804
1805
1806
1808
1810
1812
1813
1814
1816
1817
1818
